Attack    : 30.022222222222222
No Attack : 0.6444444444444444
Difference: 29.377777777777776
