Attack    : 85.77777777777777
No Attack : 0.6444444444444444
Difference: 85.13333333333333
